r0, v, n_actuators, n_lenslets, SH_FOV, WFS_exp_time, WFS_lambda_min, WFS_lambda_max, SC_exp_time, SC_lambda_min, SC_lambda_max, beamsplit, Strehl_noAO, Strehl_AO
0.10106975506107721,3.173590308917824,62.6523762808107,8,10,0.001,5.5e-07,6.499999999999999e-07,0.1,3.75e-07,4.2499999999999995e-07,0.4,0.007925911710104075,0.2631739553588164
0.10106975506107721,3.173590308917824,62.6523762808107,8,10,0.001,5.5e-07,6.499999999999999e-07,0.1,0.1,9.75e-07,1.025e-06,0.4,0.039516177779989795,0.7218939119343708
0.10106975506107721,3.173590308917824,62.6523762808107,8,10,0.001,5.5e-07,6.499999999999999e-07,0.01,9.75e-07,1.025e-06,0.4,0.03822327552032825,0.7282603493521164
0.08085580404886177,2.5388722471342597,97.89433793876671,10,10,0.021739130434782608,4e-07,5e-07,0.1,4e-07,5e-07,0.5,3069953863.2279263,75863777.08619314
0.08085580404886177,2.5388722471342597,97.89433793876671,10,10,0.021739130434782608,4e-07,5e-07,0.1,4e-07,5e-07,0.5,nan,nan
0.08085580404886177,2.5388722471342597,97.89433793876671,10,10,0.021739130434782608,4e-07,5e-07,0.1,4e-07,5e-07,0.5,nan,nan
0.08085580404886177,2.5388722471342597,97.89433793876671,10,10,0.021739130434782608,4e-07,5e-07,0.01,4e-07,5e-07,0.5,0.005622811867823267,0.00034583469260238375
0.08085580404886177,2.5388722471342597,97.89433793876671,10,10,0.001,4e-07,5e-07,0.01,4e-07,5e-07,0.5,0.005622811867823267,0.0003450933148885518
0.08085580404886177,2.5388722471342597,97.89433793876671,10,10,0.021739130434782608,4e-07,5e-07,0.01,4e-07,5e-07,0.5,0.005622811867823267,0.0003574072842422793
0.08085580404886177,2.5388722471342597,97.89433793876671,10,10,0.021739130434782608,4e-07,5e-07,0.01,4e-07,5e-07,0.5,0.005622811867823267,0.0003329224641090454
0.08085580404886177,2.5388722471342597,97.89433793876671,10,10,0.021739130434782608,4e-07,5e-07,0.01,4e-07,5e-07,0.5,nan,nan
0.08085580404886177,2.5388722471342597,97.89433793876671,10,10,0.021739130434782608,4e-07,5e-07,0.01,4e-07,5e-07,0.5,0.005622811867823267,0.0003560409625256033
0.08085580404886177,2.5388722471342597,97.89433793876671,10,10,0.021739130434782608,4e-07,5e-07,0.01,4e-07,5e-07,0.5,0.002298195952901626,0.0003169383978231094
0.08085580404886177,2.5388722471342597,97.89433793876671,10,10,0.021739130434782608,4e-07,5e-07,0.01,4e-07,5e-07,0.5,0.002298195952901626,0.00035678207744381556
0.08085580404886177,2.5388722471342597,97.89433793876671,10,10,0.021739130434782608,4e-07,5e-07,0.01,4e-07,5e-07,0.5,0.002298195952901626,0.0004593206766677337
0.08085580404886177,2.5388722471342597,97.89433793876671,10,10,0.021739130434782608,4e-07,5e-07,0.01,4e-07,5e-07,0.5,0.002298195952901626,0.00045433049994535976
0.08085580404886177,2.5388722471342597,97.89433793876671,10,10,0.021739130434782608,4e-07,5e-07,0.01,4e-07,5e-07,0.5,0.010457316298124691,0.00039745255393564623
0.08085580404886177,2.5388722471342597,97.89433793876671,10,10,0.021739130434782608,4e-07,5e-07,0.01,4e-07,5e-07,0.5,0.010457316298124691,0.0013328468412410167
0.08085580404886177,2.5388722471342597,97.89433793876671,10,10,0.021739130434782608,4e-07,5e-07,0.01,4e-07,5e-07,0.5,0.010457316298124691,0.00044322213907426833
0.08085580404886177,2.5388722471342597,97.89433793876671,10,10,0.021739130434782608,4e-07,5e-07,0.01,4e-07,5e-07,0.5,0.013236019496957744,0.0015492672819988436
0.08085580404886177,2.5388722471342597,97.89433793876671,10,10,0.021739130434782608,4e-07,5e-07,0.01,4e-07,5e-07,0.5,0.011438032402937446,0.00038500338646905123
0.08085580404886177,2.5388722471342597,97.89433793876671,10,10,0.001,4e-07,5e-07,0.01,4e-07,5e-07,0.5,0.011438032402937446,0.00011790859460615684
0.08085580404886177,2.5388722471342597,97.89433793876671,10,10,0.001,4e-07,5e-07,0.01,4e-07,5e-07,0.5,0.016233411445993884,0.006686141567583522
0.08085580404886177,2.5388722471342597,97.89433793876671,10,10,0.001,4e-07,5e-07,0.01,4e-07,5e-07,0.5,0.008127017423844491,0.00048273242779816396
0.08085580404886177,2.5388722471342597,97.89433793876671,10,10,0.001,4e-07,5e-07,0.01,4e-07,5e-07,0.5,0.01284514795328704,0.00013523275414003728
0.0673798367073848,2.1157268726118827,140.96784663182407,12,10,0.001,5.000000000000001e-07,6e-07,0.01,4.2499999999999995e-07,4.75e-07,1,0.017695369343749972,0.05938415793572357
0.0673798367073848,2.1157268726118827,140.96784663182407,12,10,0.001,5.000000000000001e-07,6e-07,0.01,4.2499999999999995e-07,4.75e-07,1,0.017695369343749972,0.027672432270941814
0.0673798367073848,2.1157268726118827,140.96784663182407,12,10,0.001,5.000000000000001e-07,6e-07,0.01,4.2499999999999995e-07,4.75e-07,1,0.017695369343749972,0.026518185382460664
0.0673798367073848,2.1157268726118827,140.96784663182407,12,10,0.001,5.000000000000001e-07,6e-07,0.006,4.2499999999999995e-07,4.75e-07,1,0.016365765802533308,0.013755078690155829
0.0673798367073848,2.1157268726118827,140.96784663182407,12,10,0.001,5.000000000000001e-07,6e-07,0.006,4.2499999999999995e-07,4.75e-07,1,0.016365765802533308,0.03082892712133857
0.08085580404886177,2.5388722471342597,97.89433793876671,10,5.190143062500001,0.00038714672861014324,5.000000000000001e-07,6e-07,0.006,4e-07,5e-07,1,0.009830279970095274,0.01430809846847992
0.08085580404886177,2.5388722471342597,97.89433793876671,10,5.190143062500001,0.00038714672861014324,5.000000000000001e-07,6e-07,0.006,4e-07,5e-07,1,0.009830279970095274,0.006802059013516247
0.08085580404886177,2.5388722471342597,97.89433793876671,10,5.190143062500001,0.00038714672861014324,5.000000000000001e-07,6e-07,0.006,4e-07,5e-07,1,0.009830279970095274,0.001953624169383418
0.08085580404886177,2.5388722471342597,97.89433793876671,10,6.920190750000001,0.0006882312456985547,5.000000000000001e-07,6e-07,0.006,4e-07,5e-07,1,0.01052402993902352,0.021947863922860033
0.08085580404886177,2.5388722471342597,97.89433793876671,10,6.920190750000001,0.0006882312456985547,5.000000000000001e-07,6e-07,0.006,4e-07,5e-07,1,0.007969850792628751,0.02508613696594852
0.08085580404886177,2.5388722471342597,97.89433793876671,10,6.920190750000001,0.0006882312456985547,5.000000000000001e-07,6e-07,0.006,8e-07,9.000000000000001e-07,1,0.010915885595682863,0.22395609949675388
0.08085580404886177,2.5388722471342597,97.89433793876671,10,5.190143062500001,0.00038714672861014324,5.000000000000001e-07,6e-07,0.006,8e-07,9.000000000000001e-07,1,0.012403176766835984,0.04938383443262332
0.08085580404886177,2.5388722471342597,97.89433793876671,10,5.190143062500001,0.00038714672861014324,5.000000000000001e-07,6e-07,0.006,8e-07,9.000000000000001e-07,1,0.006351141850352983,0.07416043675445656
0.08085580404886177,2.5388722471342597,97.89433793876671,10,5.190143062500001,0.00038714672861014324,5.000000000000001e-07,6e-07,0.006,1.2000000000000002e-06,1.3e-06,1,0.013306046050755799,0.26110350945496436
0.08085580404886177,2.5388722471342597,97.89433793876671,10,5.190143062500001,0.00038714672861014324,5.000000000000001e-07,6e-07,0.006,1.2000000000000002e-06,1.3e-06,1,0.013306046050755799,0.2127325651883198
0.08085580404886177,2.5388722471342597,97.89433793876671,10,6.920190750000001,0.0006882312456985547,5.000000000000001e-07,6e-07,0.006,1.2000000000000002e-06,1.3e-06,1,0.17533422415113176,0.2905602642978306
0.08085580404886177,2.5388722471342597,97.89433793876671,10,7.5492989999999995,0.0007686395080707148,5.5e-07,6.499999999999999e-07,0.006,1.2000000000000002e-06,1.3e-06,1,0.11744377040580203,0.2285618794808543
0.08085580404886177,2.5388722471342597,97.89433793876671,10,7.5492989999999995,0.0007686395080707148,5.5e-07,6.499999999999999e-07,0.006,8e-07,9.000000000000001e-07,1,0.013696136488534627,0.12529298538605244
0.08085580404886177,2.5388722471342597,97.89433793876671,10,7.5492989999999995,0.0007686395080707148,5.5e-07,6.499999999999999e-07,0.006,4e-07,5e-07,1,0.02449194512096243,0.01988012328790482
0.08085580404886177,2.5388722471342597,97.89433793876671,10,5.66197425,0.0007686395080707148,5.5e-07,6.499999999999999e-07,0.006,4e-07,5e-07,1,0.00665092667451994,0.027630705255925758
0.08085580404886177,2.5388722471342597,97.89433793876671,10,5.66197425,0.00043252595155709344,5.5e-07,6.499999999999999e-07,0.006,4e-07,5e-07,1,0.00665092667451994,0.03512593010572769
0.08085580404886177,2.5388722471342597,97.89433793876671,10,5.66197425,0.00043252595155709344,5.5e-07,6.499999999999999e-07,0.006,4e-07,5e-07,1,0.00665092667451994,0.05211836277841833
0.08085580404886177,2.5388722471342597,97.89433793876671,10,5.66197425,0.00043252595155709344,5.5e-07,6.499999999999999e-07,0.006,8e-07,9.000000000000001e-07,1,0.05645435692657597,0.13605673700395887
0.08085580404886177,2.5388722471342597,97.89433793876671,10,5.66197425,0.00043252595155709344,5.5e-07,6.499999999999999e-07,0.006,1.2000000000000002e-06,1.3e-06,1,0.06426125990538016,0.12894114899622147
0.08085580404886177,2.5388722471342597,97.89433793876671,10,4.7183118749999995,0.00043252595155709344,4.5e-07,5.5e-07,0.006,1.2000000000000002e-06,1.3e-06,1,0.009786233750715462,0.10319904560405439
0.08085580404886177,2.5388722471342597,97.89433793876671,10,4.7183118749999995,0.00043252595155709344,4.5e-07,5.5e-07,0.006,8e-07,9.000000000000001e-07,1,0.13513090200733405,0.18798859531876866
0.08085580404886177,2.5388722471342597,97.89433793876671,10,4.7183118749999995,0.00043252595155709344,4.5e-07,5.5e-07,0.006,4e-07,5e-07,1,0.003747173762548901,0.007177929046745597
0.08085580404886177,2.5388722471342597,97.89433793876671,10,6.291082499999999,0.0007961783439490446,4.5e-07,5.5e-07,0.006,4e-07,5e-07,1,0.011449601519408898,0.034863183443296135
0.08085580404886177,2.5388722471342597,97.89433793876671,10,6.291082499999999,0.0007961783439490446,4.5e-07,5.5e-07,0.006,8e-07,9.000000000000001e-07,1,0.10229107748109685,0.17913199274787223
0.08085580404886177,2.5388722471342597,97.89433793876671,10,6.291082499999999,0.0007961783439490446,4.5e-07,5.5e-07,0.006,1.2000000000000002e-06,1.3e-06,1,0.011074579754121289,0.27782589533451674
0.0673798367073848,2.1157268726118827,140.96784663182407,12,8.3042289,0.0007961783439490446,5.000000000000001e-07,6e-07,0.006,1.2000000000000002e-06,1.3e-06,1,0.3975643760602391,0.2935715112699469
0.0673798367073848,2.1157268726118827,140.96784663182407,12,8.3042289,0.0007961783439490446,5.000000000000001e-07,6e-07,0.006,8e-07,9.000000000000001e-07,1,0.02805429271991564,0.17446338225651994
0.0673798367073848,2.1157268726118827,140.96784663182407,12,8.3042289,0.0007961783439490446,5.000000000000001e-07,6e-07,0.006,4e-07,5e-07,1,0.004012973901552406,0.028761578010936976
0.08085580404886177,2.5388722471342597,97.89433793876671,10,6.133805437499998,0.0007961783439490446,5.5e-07,7.5e-07,0.006,4e-07,5e-07,1,0.003075607618649494,0.001813942936897333
0.08085580404886177,2.5388722471342597,97.89433793876671,10,6.133805437499998,0.0007961783439490446,5.5e-07,7.5e-07,0.006,4e-07,5e-07,1,0.003075607618649494,0.008884928510763324
0.20213951012215442,6.347180617835648,15.663094070202675,10,6.133805437499998,0.0007961783439490446,5.5e-07,7.5e-07,0.006,4e-07,5e-07,1,0.0941298535901177,0.17449565530114172
0.20213951012215442,6.347180617835648,15.663094070202675,10,6.133805437499998,0.0007961783439490446,5.5e-07,7.5e-07,0.006,4e-07,5e-07,1,0.0941298535901177,0.3829753317857542
0.20213951012215442,6.347180617835648,15.663094070202675,10,6.133805437499998,0.0007961783439490446,5.5e-07,7.5e-07,0.006,4e-07,5e-07,1,0.0941298535901177,0.4381402880027399
0.11229972784564134,3.5262114543531378,50.748424787456685,10,6.133805437499998,0.0007961783439490446,5.5e-07,7.5e-07,0.006,4e-07,5e-07,1,0.009657904106393514,0.07128377149722982
0.11229972784564134,3.5262114543531378,50.748424787456685,10,6.133805437499998,0.0007961783439490446,5.5e-07,7.5e-07,0.006,4e-07,5e-07,1,0.009657904106393514,0.010447464739824169
0.11229972784564134,3.5262114543531378,50.748424787456685,10,6.133805437499998,0.0007961783439490446,5.5e-07,7.5e-07,0.006,4e-07,5e-07,1,0.009657904106393514,0.01405151056110348
0.11229972784564134,3.5262114543531378,50.748424787456685,10,6.133805437499998,0.0007961783439490446,5.5e-07,7.5e-07,0.006,4e-07,5e-07,1,0.009657904106393514,0.06386080083002289
0.11229972784564134,3.5262114543531378,50.748424787456685,10,6.133805437499998,0.0007961783439490446,5.5e-07,7.5e-07,0.006,4e-07,5e-07,1,0.009657904106393514,0.0014449382318289928
0.11229972784564134,3.5262114543531378,50.748424787456685,10,6.133805437499998,0.0007961783439490446,5.5e-07,7.5e-07,0.006,4e-07,5e-07,1,0.009657904106393514,0.0014113242453974194
0.11229972784564134,3.5262114543531378,50.748424787456685,10,6.133805437499998,0.0007961783439490446,5.5e-07,7.5e-07,0.006,4e-07,5e-07,1,0.009657904106393514,0.0013877808396934707
0.11229972784564134,3.5262114543531378,50.748424787456685,10,6.133805437499998,0.0007961783439490446,5.5e-07,7.5e-07,0.006,4e-07,5e-07,1,0.009657904106393514,0.08252797148610376
0.11229972784564134,3.5262114543531378,50.748424787456685,10,6.133805437499998,0.0007961783439490446,5.5e-07,7.5e-07,0.006,4e-07,5e-07,1,0.009657904106393514,0.05590353091686951
0.11229972784564134,3.5262114543531378,50.748424787456685,10,6.133805437499998,0.0007961783439490446,5.5e-07,7.5e-07,0.006,4e-07,5e-07,1,0.009657904106393514,0.009634159596613484
0.11229972784564134,3.5262114543531378,50.748424787456685,10,6.133805437499998,0.0007961783439490446,5.5e-07,7.5e-07,0.006,4e-07,5e-07,1,0.009657904106393514,0.0014508584838979343
0.11229972784564134,3.5262114543531378,50.748424787456685,10,6.133805437499998,0.0007961783439490446,5.5e-07,7.5e-07,0.006,4e-07,5e-07,1,0.009657904106393514,0.0015786158945402125
0.11229972784564134,3.5262114543531378,50.748424787456685,10,6.133805437499998,0.0007961783439490446,5.5e-07,7.5e-07,0.006,4e-07,5e-07,1,0.009657904106393514,0.08178509062715408
0.11229972784564134,3.5262114543531378,50.748424787456685,10,6.133805437499998,0.0007961783439490446,5.5e-07,7.5e-07,0.006,4e-07,5e-07,1,0.009657904106393514,0.10968222157115932
0.11229972784564134,3.5262114543531378,50.748424787456685,10,6.133805437499998,0.0007961783439490446,5.5e-07,7.5e-07,0.006,4e-07,5e-07,1,0.009657904106393514,0.08152783490115575
0.11229972784564134,3.5262114543531378,50.748424787456685,10,6.133805437499998,0.0007961783439490446,5.5e-07,7.5e-07,0.006,4e-07,5e-07,1,0.009657904106393514,0.09730247725788103
0.08085580404886177,2.5388722471342597,97.89433793876671,10,6.133805437499998,0.0007961783439490446,5.5e-07,7.5e-07,0.006,4e-07,5e-07,1,0.008025990884973275,0.0025433468931639128
0.08085580404886177,2.5388722471342597,97.89433793876671,10,6.133805437499998,0.0007961783439490446,5.5e-07,7.5e-07,0.006,4e-07,5e-07,1,0.008025990884973275,0.005158916771616265
0.08085580404886177,2.5388722471342597,97.89433793876671,10,6.133805437499998,0.0007961783439490446,5.5e-07,7.5e-07,0.006,4e-07,5e-07,1,0.008025990884973275,0.007262716612518622
0.08085580404886177,2.5388722471342597,97.89433793876671,10,6.133805437499998,0.0007961783439490446,5.5e-07,7.5e-07,0.006,4e-07,5e-07,1,0.008025990884973275,0.015419248162882258
0.08085580404886177,2.5388722471342597,97.89433793876671,10,6.133805437499998,0.0006666666666666666,5.5e-07,7.5e-07,0.006,4e-07,5e-07,1,0.005402831244454734,0.015854287614118865
0.08085580404886177,2.5388722471342597,97.89433793876671,10,6.133805437499998,0.0006666666666666666,5.5e-07,7.5e-07,0.006,4e-07,5e-07,1,0.005402831244454734,0.02229961539564099
0.10106975506107721,3.173590308917824,62.6523762808107,10,15.28793267622308,0.001,5.5e-07,7.5e-07,0.006,4e-07,5.5e-07,1,0.01059031493061852,0.002347838908383945
0.10106975506107721,3.173590308917824,62.6523762808107,10,8.178407249999998,0.001,5.5e-07,7.5e-07,0.006,4e-07,5.5e-07,1,0.01059031493061852,0.010563029884877558
0.10106975506107721,3.173590308917824,62.6523762808107,10,8.178407249999998,0.001,5.5e-07,7.5e-07,0.006,4e-07,5.5e-07,1,0.01059031493061852,0.01414657986932971
0.10106975506107721,3.173590308917824,62.6523762808107,10,8.178407249999998,0.001,5.5e-07,7.5e-07,0.006,4e-07,5.5e-07,1,0.01059031493061852,0.013260763950993957
0.0673798367073848,2.1157268726118827,140.96784663182407,10,5,0.001,5.000000000000001e-07,6e-07,0.006,4.2499999999999995e-07,7.75e-07,0.3,0.005484463038082324,0.0003101920597146906
0.0673798367073848,2.1157268726118827,140.96784663182407,10,5,0.001,5.000000000000001e-07,6e-07,0.006,4.2499999999999995e-07,7.75e-07,0.3,0.005484463038082324,0.0005539499188002422
0.0673798367073848,2.1157268726118827,140.96784663182407,10,5,0.001,5.000000000000001e-07,6e-07,0.006,4.2499999999999995e-07,7.75e-07,0.3,0.005484463038082324,0.0009168255275734875
0.10106975506107721,3.173590308917824,62.6523762808107,10,5,0.001,5.5e-07,7.5e-07,0.006,4e-07,5.5e-07,1,0.015327826239542038,0.06556599816790372
0.10106975506107721,3.173590308917824,62.6523762808107,10,5,0.001,5.5e-07,7.5e-07,0.006,4e-07,5.5e-07,1,0.011983734189290586,0.217066517578478
0.10106975506107721,3.173590308917824,62.6523762808107,10,5,0.001,5.5e-07,7.5e-07,0.006,4e-07,5.5e-07,1,0.010611893081283083,0.3063704503067497
