1,0.10106975506107721,3.173590308917824,62.6523762808107,10,5,0.001,5.5e-07,7.5e-07,0.006,4e-07,5.5e-07,1,8.333330654149779e-07,True,0.01595409444686326,0.1415047047309512
1,0.10106975506107721,3.173590308917824,62.6523762808107,10,5,0.001,5.5e-07,6.499999999999999e-07,0.006,4e-07,5.5e-07,1,8.333330654149779e-07,True,0.011983734189290586,0.21694549493234308
1,0.10106975506107721,3.173590308917824,62.6523762808107,10,5,0.001,5.5e-07,6e-07,0.006,4e-07,5.5e-07,1,8.333330654149779e-07,True,0.011983734189290586,0.22153017802444622
1.25,0.08085580404886177,2.5388722471342597,97.89433793876671,10,5,0.001,5.5e-07,6.499999999999999e-07,0.006,4e-07,5.5e-07,1,8.333330654149779e-07,True,0.017746770179210784,0.033310734525233185
1.25,0.08085580404886177,2.5388722471342597,97.89433793876671,10,5,0.001,5.5e-07,6.499999999999999e-07,0.006,4e-07,5.5e-07,1,8.333330654149779e-07,True,0.01599532875680402,0.050898217195704205
1.25,0.08085580404886177,2.5388722471342597,97.89433793876671,10,5,0.001,5.5e-07,7.5e-07,0.006,4e-07,5.5e-07,1,8.333330654149779e-07,True,0.01599532875680402,0.0355119209120908
1.25,0.08085580404886177,2.5388722471342597,97.89433793876671,10,5,0.0014285714285714286,5.5e-07,6e-07,0.006,4e-07,5.5e-07,1,8.333330654149779e-07,True,0.01599532875680402,0.02151116820717088
1.5,0.0673798367073848,2.1157268726118827,140.96784663182407,10,5,0.001,5.5e-07,7.5e-07,0.006,4e-07,5.5e-07,1,8.333330654149779e-07,True,0.011317222301952303,0.0007132515111772234
1.5,0.0673798367073848,2.1157268726118827,140.96784663182407,10,5,0.001,5.5e-07,7.5e-07,0.006,4e-07,5.5e-07,1,8.333330654149779e-07,True,0.011317222301952303,0.00030420262563241827
1.25,0.08085580404886177,2.5388722471342597,97.89433793876671,8,5,0.001,5.5e-07,7.000000000000001e-07,0.006,4e-07,5.5e-07,1,5.333331618655859e-07,True,0.006976584036325502,0.0012321671310808076
1.25,0.08085580404886177,2.5388722471342597,97.89433793876671,8,5,0.001,5.5e-07,7.000000000000001e-07,0.006,4e-07,5.5e-07,1,5.333331618655859e-07,True,0.010877014159460487,0.002747094986692928
1.25,0.08085580404886177,2.5388722471342597,97.89433793876671,8,5,0.001,5.5e-07,7.000000000000001e-07,0.006,4e-07,5.5e-07,1,5.333331618655859e-07,True,0.008932474906985025,0.00935445724094078
1.25,0.08085580404886177,2.5388722471342597,97.89433793876671,8,5,0.001,5.5e-07,7.000000000000001e-07,0.006,4e-07,5.5e-07,1,5.333331618655859e-07,True,0.010390523980628076,0.004599741129578533
1.25,0.08085580404886177,2.5388722471342597,97.89433793876671,8,5,0.001,5.5e-07,7.000000000000001e-07,0.006,4e-07,5.5e-07,1,5.333331618655859e-07,True,0.010390523980628076,0.009972107521228289
1.25,0.08085580404886177,2.5388722471342597,97.89433793876671,9,5,0.001,5.5e-07,7.000000000000001e-07,0.006,4e-07,5.5e-07,1,6.74999782986132e-07,True,0.022481986692079632,0.0049914291246154555
1.25,0.08085580404886177,2.5388722471342597,97.89433793876671,10,5,0.001,5.5e-07,6.499999999999999e-07,0.006,4e-07,5.5e-07,1,1.6666661308299556e-07,True,0.0020099195661226347,0.0033189937814503824
1.25,0.08085580404886177,2.5388722471342597,97.89433793876671,10,5,0.001,5.5e-07,6.499999999999999e-07,0.006,4e-07,5.5e-07,1,2.4999991962449337e-07,True,0.038913447246487674,0.0022607628937060735
1.25,0.08085580404886177,2.5388722471342597,97.89433793876671,10,5,0.001,5.5e-07,6.499999999999999e-07,0.006,4e-07,5.5e-07,1,2.4999991962449337e-07,True,0.038913447246487674,0.015382791275453491
1.25,0.08085580404886177,2.5388722471342597,97.89433793876671,10,5,0.001,5.5e-07,6.499999999999999e-07,0.006,4e-07,5.5e-07,1,2.4999991962449337e-07,True,0.038913447246487674,0.0021175732779871196
1.25,0.08085580404886177,2.5388722471342597,97.89433793876671,10,5,0.001,5.5e-07,6.499999999999999e-07,0.006,4e-07,5.5e-07,1,2.4999991962449337e-07,True,0.038913447246487674,0.014338113130351018
1.25,0.08085580404886177,2.5388722471342597,97.89433793876671,10,5,0.001,5.5e-07,7.5e-07,0.006,4e-07,5.5e-07,1,2.4999991962449337e-07,True,0.038913447246487674,0.01498065305232315
1.25,0.08085580404886177,2.5388722471342597,97.89433793876671,10,5,0.001,5.5e-07,6e-07,0.006,4e-07,5.5e-07,1,2.4999991962449337e-07,True,0.038913447246487674,0.01586699596818631
1.25,0.08085580404886177,2.5388722471342597,97.89433793876671,10,5,0.001,5.5e-07,6e-07,0.006,4e-07,5.5e-07,1,2.4999991962449337e-07,True,0.016054377191347134,0.007481002548391436
